======================================================================================================================
1. DATASET
======================================================================================================================
trades 25933 | underlyings 212 | contracts 4351
period 2025-01-21 09:15:00+00:00 -> 2026-07-06 07:15:00+00:00
hold: <= 50 30m bars | dte at entry: 7-22 (median 15)
stale exit quote rate: 0.122

trades by family x band:
band           deep_itm       slight_itm      
mkt               index stock      index stock
family                                        
adx_trend            22   588         44   881
control_long         35  1038         76  1518
control_random        2   190         11   294
control_short        33   854         92  1413
donchian_break      169  3084        404  4865
ma_cross              6   276         19   587
macd_cross           67  1783        130  2727
rsi_fade             21   739         93  1402
trend_pullback       27  1043         55  1345

barrier outcome mix (%):
outcome         stop  target  time
family                            
adx_trend      41.60   19.00 39.40
control_long   31.60   18.90 49.50
control_random 36.00   20.30 43.70
control_short  42.90   14.10 42.90
donchian_break 40.30   19.50 40.20
ma_cross       37.40   18.60 44.00
macd_cross     37.20   18.30 44.50
rsi_fade       37.10   15.80 47.10
trend_pullback 36.70   14.70 48.70

======================================================================================================================
2. DOES THE SPOT VIEW EVEN WORK?  (directional accuracy at SPOT level)
======================================================================================================================
                      n  spot_win%  spot_mean%  target%  stop%
family                                                        
adx_trend      1,535.00      42.15       -0.25    19.02  41.56
control_long   2,667.00      51.11        0.16    18.86  31.61
control_random   497.00      47.28        0.04    20.32  36.02
control_short  2,392.00      38.59       -0.48    14.13  42.93
donchian_break 8,522.00      42.23       -0.18    19.50  40.32
ma_cross         888.00      43.81       -0.15    18.58  37.39
macd_cross     4,707.00      45.87       -0.04    18.27  37.22
rsi_fade       2,255.00      45.76       -0.10    15.83  37.07
trend_pullback 2,470.00      45.83       -0.13    14.66  36.68

======================================================================================================================
3. NET OF COST, BY FAMILY x BAND  (base cost 1.6% round trip)
======================================================================================================================

--- band=deep_itm ---
                      n     n_ep  hit%  mean%   med%  t_raw   t_ep  mean_ep%   PF           pnl       ex_top3  pess%  lag1%
family                                                                                                                     
adx_trend        610.00   598.00 36.72 -10.33 -12.44  -9.04  -8.98    -10.31 0.42 -1,575,264.18 -1,626,943.13 -12.73 -11.36
control_long   1,073.00   938.00 42.96  -4.75  -6.95  -4.50  -4.59     -5.17 0.71 -1,272,876.94 -1,403,203.59  -7.15  -4.05
control_random   192.00   189.00 41.67  -4.51  -9.62  -1.65  -1.57     -4.33 0.75   -216,332.19   -304,813.37  -6.91  -5.08
control_short    887.00   786.00 34.27 -12.08 -20.90 -10.38  -9.53    -11.75 0.45 -2,678,907.64 -2,744,849.32 -14.48 -14.00
donchian_break 3,253.00 1,784.00 34.68  -9.86 -11.71 -22.59 -21.92    -12.48 0.39 -8,015,076.54 -8,070,661.86 -12.26 -10.85
ma_cross         282.00   274.00 39.01  -8.00  -8.44  -4.58  -4.46     -7.95 0.51   -564,161.20   -616,387.69 -10.40  -8.64
macd_cross     1,850.00 1,730.00 41.95  -5.79  -7.44  -7.98  -7.49     -5.62 0.64 -2,678,845.76 -2,784,025.14  -8.19  -6.20
rsi_fade         760.00   627.00 38.95  -7.89 -17.72  -4.99  -3.81     -6.62 0.66 -1,499,257.02 -1,588,330.89 -10.29  -8.87
trend_pullback 1,070.00   813.00 42.71  -4.23  -8.00  -3.61  -2.35     -3.15 0.77 -1,131,681.42 -1,220,207.72  -6.63  -4.61

--- band=slight_itm ---
                      n     n_ep  hit%  mean%   med%  t_raw   t_ep  mean_ep%   PF           pnl       ex_top3  pess%  lag1%
family                                                                                                                     
adx_trend        925.00   915.00 33.73 -10.00 -19.11  -7.79  -7.72     -9.97 0.55 -2,311,942.13 -2,414,270.90 -12.40 -11.22
control_long   1,594.00 1,397.00 40.78  -2.73 -11.84  -2.30  -2.27     -2.88 0.87 -1,089,610.82 -1,312,643.28  -5.13  -1.86
control_random   305.00   299.00 40.66  -1.03 -15.79  -0.34  -0.45     -1.38 0.95    -78,821.06   -220,444.93  -3.43  -1.43
control_short  1,505.00 1,321.00 31.23 -11.56 -29.28  -9.23  -8.42    -11.26 0.57 -4,348,609.30 -4,519,523.26 -13.96 -12.71
donchian_break 5,269.00 2,642.00 36.82  -7.20 -15.29 -13.51 -17.18    -12.14 0.63 -9,482,405.05 -9,821,675.89  -9.60  -8.09
ma_cross         606.00   595.00 37.79  -6.38 -18.30  -3.50  -3.71     -6.76 0.71   -966,144.39 -1,067,385.06  -8.78  -7.27
macd_cross     2,857.00 2,644.00 38.15  -5.85 -18.31  -6.97  -6.20     -5.46 0.73 -4,181,174.75 -4,337,459.67  -8.25  -5.59
rsi_fade       1,495.00 1,211.00 35.85  -6.14 -24.16  -4.28  -3.31     -5.30 0.77 -2,296,200.53 -2,481,055.72  -8.54  -4.87
trend_pullback 1,400.00 1,060.00 35.29  -8.20 -24.34  -6.20  -4.16     -6.41 0.67 -2,869,776.92 -3,033,772.64 -10.60  -7.59

======================================================================================================================
4. THE SPLIT THAT MATTERS: market x side  (drift makes 'always long' look good)
======================================================================================================================

--- index  side=+1 ---
                               n   n_ep  hit%  mean%   med%  t_raw  t_ep  mean_ep%   PF        pnl     ex_top3  pess%  lag1%
band       family                                                                                                           
deep_itm   adx_trend       13.00  12.00 30.77  -6.17  -6.49  -1.53 -1.18     -4.93 0.37 -20,067.09  -31,483.79  -8.57  -6.91
           control_long    35.00  33.00 57.14   4.81   4.83   1.29  1.31      5.10 1.68  42,130.52   12,815.72   2.41   4.59
           donchian_break 109.00  53.00 48.62   2.49  -1.60   1.24 -0.02     -0.05 1.33  67,928.40   30,409.24   0.09   0.10
           ma_cross         1.00   1.00  0.00 -41.28 -41.28    NaN   NaN    -41.28 0.00 -10,320.26         NaN -43.68 -47.85
           macd_cross      38.00  34.00 55.26   1.12   0.99   0.42  0.86      2.41 1.19  10,619.54  -14,025.66  -1.28   0.30
           rsi_fade         6.00   6.00 16.67 -17.91 -20.71  -2.69 -2.69    -17.91 0.10 -26,863.62  -20,475.97 -20.31 -14.17
           trend_pullback  10.00   8.00 50.00   5.72   2.67   0.68  1.12     10.34 1.67  14,308.85  -15,325.54   3.32   0.53
slight_itm adx_trend       28.00  28.00 57.14   1.19   4.99   0.21  0.21      1.19 1.10   8,323.32  -23,939.60  -1.21  -4.18
           control_long    76.00  68.00 52.63   2.92   2.37   0.68  0.52      2.30 1.21  55,443.32      792.70   0.52   4.46
           control_random   5.00   5.00 60.00  11.84   9.60   0.65  0.65     11.84 2.21  14,806.07  -12,245.60   9.44  13.07
           donchian_break 262.00 109.00 59.54   9.11   8.28   4.47  0.53      1.78 1.96 596,728.60  531,658.15   6.71   7.25
           ma_cross        10.00   9.00 30.00 -21.04 -41.12  -1.89 -1.49    -17.75 0.28 -52,607.94  -72,877.69 -23.44 -20.92
           macd_cross      59.00  55.00 57.63  10.53   6.37   2.52  2.56     11.24 2.23 155,330.54  103,173.49   8.13  11.27
           rsi_fade        26.00  23.00 30.77  -7.83 -25.94  -0.96 -0.57     -5.10 0.65 -50,911.01 -108,215.46 -10.23  -3.18
           trend_pullback  18.00  14.00 33.33  -5.09 -21.47  -0.55 -0.08     -0.92 0.73 -22,895.20  -69,703.26  -7.49  -4.17

--- index  side=-1 ---
                               n  n_ep  hit%  mean%   med%  t_raw  t_ep  mean_ep%   PF         pnl     ex_top3  pess%  lag1%
band       family                                                                                                           
deep_itm   adx_trend        9.00  9.00 11.11 -20.19 -26.77  -3.46 -3.46    -20.19 0.04  -45,417.36  -44,690.13 -22.59 -19.45
           control_random   2.00  2.00 50.00 -29.53 -29.53  -0.77 -0.77    -29.53 0.13  -14,765.62         NaN -31.93 -30.37
           control_short   33.00 29.00 42.42  -7.32  -7.29  -1.34 -1.21     -7.28 0.54  -60,416.45  -99,362.13  -9.72 -10.76
           donchian_break  60.00 27.00 23.33 -10.56 -10.85  -4.51 -3.61    -12.40 0.24 -158,468.69 -183,655.54 -12.96  -9.47
           ma_cross         5.00  5.00 40.00  -5.46  -1.38  -0.88 -0.88     -5.46 0.26   -6,829.52   -8,883.73  -7.86  -7.61
           macd_cross      29.00 28.00 27.59  -9.98 -11.38  -1.96 -2.09    -10.85 0.41  -72,366.20 -103,833.99 -12.38  -9.94
           rsi_fade        15.00 10.00 33.33 -16.05 -45.64  -1.08 -1.36    -23.32 0.54  -60,187.84 -117,985.44 -18.45 -17.43
           trend_pullback  17.00 13.00 23.53 -29.59 -31.77  -3.33 -2.26    -25.19 0.17 -125,761.11 -150,571.95 -31.99 -30.87
slight_itm adx_trend       16.00 15.00 12.50 -27.73 -29.87  -5.22 -5.49    -29.47 0.03 -110,927.86 -113,500.46 -30.13 -29.61
           control_random   6.00  6.00 16.67 -23.66 -37.56  -1.31 -1.31    -23.66 0.28  -35,493.70  -41,494.85 -26.06 -24.32
           control_short   92.00 77.00 31.52  -5.50 -22.14  -1.04 -2.05    -10.78 0.77 -126,549.41 -226,575.83  -7.90  -5.27
           donchian_break 142.00 60.00 29.58  -9.47 -16.33  -3.43 -3.63    -14.71 0.51 -336,184.78 -383,442.38 -11.87  -5.10
           ma_cross         9.00  9.00 44.44   2.49 -16.78   0.16  0.16      2.49 1.15    5,603.04  -34,830.80   0.09  -2.96
           macd_cross      71.00 67.00 22.54 -22.25 -33.98  -4.83 -4.66    -22.43 0.28 -394,932.25 -452,906.15 -24.65 -22.05
           rsi_fade        67.00 49.00 20.90 -20.00 -32.53  -3.57 -2.59    -18.06 0.36 -335,020.37 -422,479.62 -22.40 -18.41
           trend_pullback  37.00 28.00  8.11 -43.95 -54.66  -7.40 -5.28    -40.07 0.11 -406,494.06 -455,488.92 -46.35 -41.24

--- stock  side=+1 ---
                                 n     n_ep  hit%  mean%   med%  t_raw   t_ep  mean_ep%   PF           pnl       ex_top3  pess%  lag1%
band       family                                                                                                                     
deep_itm   adx_trend        344.00   337.00 43.02  -6.06  -4.70  -3.87  -3.94     -6.17 0.60   -521,419.29   -570,190.68  -8.46  -6.47
           control_long   1,038.00   905.00 42.49  -5.07  -7.48  -4.69  -4.80     -5.54 0.69 -1,315,007.46 -1,445,334.11  -7.47  -4.34
           control_random   105.00   102.00 39.05  -5.71 -14.12  -1.63  -1.52     -5.42 0.68   -149,820.97   -220,540.89  -8.11  -6.04
           donchian_break 1,814.00 1,020.00 40.02  -6.75  -7.32 -11.56 -12.12     -9.17 0.52 -3,060,830.54 -3,116,415.87  -9.15  -7.28
           ma_cross         147.00   141.00 36.73  -9.32  -9.32  -4.04  -3.72     -8.90 0.44   -342,652.76   -384,978.55 -11.72  -8.79
           macd_cross     1,006.00   940.00 43.24  -4.62  -5.95  -4.84  -4.64     -4.57 0.69 -1,160,672.59 -1,226,643.54  -7.02  -4.26
           rsi_fade         315.00   266.00 35.56  -8.85 -16.98  -3.73  -3.35     -8.52 0.61   -696,647.94   -782,595.90 -11.25  -8.92
           trend_pullback   566.00   419.00 40.64  -5.21 -10.01  -3.39  -2.38     -4.27 0.71   -737,728.25   -813,346.60  -7.61  -4.98
slight_itm adx_trend        498.00   491.00 37.15  -6.84 -13.57  -3.89  -3.87     -6.84 0.66   -851,622.06   -953,950.83  -9.24  -7.07
           control_long   1,518.00 1,329.00 40.18  -3.02 -12.28  -2.46  -2.39     -3.15 0.86 -1,145,054.14 -1,368,086.60  -5.42  -2.18
           control_random   146.00   142.00 43.15   1.19 -14.44   0.27   0.22      1.00 1.06     43,537.41    -76,740.84  -1.21   2.92
           donchian_break 2,611.00 1,347.00 39.98  -4.22 -10.40  -5.37  -8.71     -8.89 0.76 -2,756,202.65 -3,095,473.49  -6.62  -4.59
           ma_cross         302.00   299.00 44.04  -1.31  -9.67  -0.53  -0.66     -1.63 0.93    -98,733.90   -188,627.85  -3.71  -0.98
           macd_cross     1,297.00 1,207.00 41.17  -2.87 -13.79  -2.29  -2.18     -2.84 0.86   -930,080.80 -1,056,640.33  -5.27  -1.95
           rsi_fade         632.00   512.00 39.56  -3.85 -16.28  -1.86  -1.65     -3.82 0.84   -609,055.59   -754,451.84  -6.25  -1.92
           trend_pullback   749.00   562.00 37.65  -5.90 -19.23  -3.37  -2.12     -4.32 0.74 -1,105,628.55 -1,255,912.40  -8.30  -5.44

--- stock  side=-1 ---
                                 n     n_ep  hit%  mean%   med%  t_raw   t_ep  mean_ep%   PF           pnl       ex_top3  pess%  lag1%
band       family                                                                                                                     
deep_itm   adx_trend        244.00   240.00 29.10 -16.20 -22.07  -9.43  -9.23    -16.02 0.24   -988,360.43 -1,035,926.11 -18.60 -18.19
           control_random    85.00    85.00 44.71  -2.44  -7.04  -0.56  -0.56     -2.44 0.86    -51,745.60   -126,656.90  -4.84  -3.31
           control_short    854.00   757.00 33.96 -12.26 -21.33 -10.30  -9.47    -11.92 0.44 -2,618,491.18 -2,684,432.87 -14.66 -14.13
           donchian_break 1,270.00   684.00 26.38 -15.32 -19.53 -22.38 -20.87    -18.38 0.23 -4,863,705.71 -4,910,689.47 -17.72 -16.95
           ma_cross         129.00   127.00 41.86  -6.34  -7.03  -2.30  -2.44     -6.74 0.61   -204,358.67   -256,585.16  -8.74  -8.20
           macd_cross       777.00   728.00 40.15  -7.50 -12.45  -6.33  -5.84     -7.17 0.58 -1,456,426.51 -1,558,332.59  -9.90  -8.90
           rsi_fade         424.00   345.00 41.98  -6.75 -17.53  -3.13  -1.85     -4.48 0.71   -715,557.63   -802,358.98  -9.15  -8.45
           trend_pullback   477.00   373.00 45.70  -2.37  -3.26  -1.29  -0.68     -1.40 0.87   -282,500.91   -365,652.89  -4.77  -3.34
slight_itm adx_trend        383.00   381.00 28.46 -14.18 -27.15  -7.06  -6.96    -14.05 0.44 -1,357,715.53 -1,438,176.92 -16.58 -16.36
           control_random   148.00   146.00 38.51  -2.75 -17.50  -0.62  -0.73     -3.23 0.88   -101,670.85   -221,028.92  -5.15  -5.27
           control_short  1,413.00 1,244.00 31.21 -11.95 -29.66  -9.28  -8.16    -11.29 0.56 -4,222,059.89 -4,392,973.85 -14.35 -13.20
           donchian_break 2,254.00 1,126.00 30.97 -12.40 -23.47 -15.95 -16.74    -17.24 0.46 -6,986,746.22 -7,084,442.18 -14.80 -14.10
           ma_cross         285.00   278.00 31.23 -11.51 -26.95  -4.20  -4.45    -12.22 0.55   -820,405.59   -921,646.26 -13.91 -13.59
           macd_cross     1,430.00 1,315.00 35.38  -8.42 -23.28  -7.08  -6.11     -7.69 0.64 -3,011,492.25 -3,167,777.17 -10.82  -8.78
           rsi_fade         770.00   627.00 34.29  -6.76 -27.15  -3.16  -2.34     -5.53 0.76 -1,301,213.57 -1,480,815.69  -9.16  -6.18
           trend_pullback   596.00   456.00 34.06  -8.96 -26.97  -4.24  -2.88     -7.10 0.66 -1,334,759.12 -1,483,108.76 -11.36  -8.30

======================================================================================================================
5. EXCESS OVER MATCHED CONTROL  (family mean - unconditional-same-side mean)
   episode-clustered; a family with excess <= 0 is adding nothing
======================================================================================================================
  mkt       band  side         family    n  n_ep  fam_mean%  fam_ep_mean%  ctl_ep_mean%  excess_ep%   t_ep
index slight_itm    -1       ma_cross    9     9       2.49          2.49        -10.78       13.27   0.16
stock   deep_itm    -1 trend_pullback  477   373      -2.37         -1.40        -11.92       10.52  -0.68
index slight_itm     1     macd_cross   59    55      10.53         11.24          2.30        8.94   2.56
stock   deep_itm    -1       rsi_fade  424   345      -6.75         -4.48        -11.92        7.44  -1.85
stock slight_itm    -1       rsi_fade  770   627      -6.76         -5.53        -11.29        5.77  -2.34
index   deep_itm     1 trend_pullback   10     8       5.72         10.34          5.10        5.24   1.12
stock   deep_itm    -1       ma_cross  129   127      -6.34         -6.74        -11.92        5.18  -2.44
stock   deep_itm    -1     macd_cross  777   728      -7.50         -7.17        -11.92        4.75  -5.84
stock slight_itm    -1 trend_pullback  596   456      -8.96         -7.10        -11.29        4.20  -2.88
stock slight_itm    -1     macd_cross 1430  1315      -8.42         -7.69        -11.29        3.60  -6.11
index   deep_itm    -1       ma_cross    5     5      -5.46         -5.46         -7.28        1.82  -0.88
stock slight_itm     1       ma_cross  302   299      -1.31         -1.63         -3.15        1.52  -0.66
stock   deep_itm     1 trend_pullback  566   419      -5.21         -4.27         -5.54        1.27  -2.38
stock   deep_itm     1     macd_cross 1006   940      -4.62         -4.57         -5.54        0.97  -4.64
stock slight_itm     1     macd_cross 1297  1207      -2.87         -2.84         -3.15        0.30  -2.18
index slight_itm     1 donchian_break  262   109       9.11          1.78          2.30       -0.53   0.53
stock   deep_itm     1      adx_trend  344   337      -6.06         -6.17         -5.54       -0.63  -3.94
stock slight_itm     1       rsi_fade  632   512      -3.85         -3.82         -3.15       -0.67  -1.65
stock slight_itm    -1       ma_cross  285   278     -11.51        -12.22        -11.29       -0.93  -4.45
index slight_itm     1      adx_trend   28    28       1.19          1.19          2.30       -1.11   0.21
stock slight_itm     1 trend_pullback  749   562      -5.90         -4.32         -3.15       -1.17  -2.12
index   deep_itm     1     macd_cross   38    34       1.12          2.41          5.10       -2.69   0.86
stock slight_itm    -1      adx_trend  383   381     -14.18        -14.05        -11.29       -2.75  -6.96
stock   deep_itm     1       rsi_fade  315   266      -8.85         -8.52         -5.54       -2.98  -3.35
index slight_itm     1 trend_pullback   18    14      -5.09         -0.92          2.30       -3.22  -0.08
stock   deep_itm     1       ma_cross  147   141      -9.32         -8.90         -5.54       -3.36  -3.72
index   deep_itm    -1     macd_cross   29    28      -9.98        -10.85         -7.28       -3.57  -2.09
stock   deep_itm     1 donchian_break 1814  1020      -6.75         -9.17         -5.54       -3.63 -12.12
stock slight_itm     1      adx_trend  498   491      -6.84         -6.84         -3.15       -3.70  -3.87
index slight_itm    -1 donchian_break  142    60      -9.47        -14.71        -10.78       -3.93  -3.63
stock   deep_itm    -1      adx_trend  244   240     -16.20        -16.02        -11.92       -4.10  -9.23
index   deep_itm    -1 donchian_break   60    27     -10.56        -12.40         -7.28       -5.12  -3.61
index   deep_itm     1 donchian_break  109    53       2.49         -0.05          5.10       -5.16  -0.02
stock slight_itm     1 donchian_break 2611  1347      -4.22         -8.89         -3.15       -5.74  -8.71
stock slight_itm    -1 donchian_break 2254  1126     -12.40        -17.24        -11.29       -5.95 -16.74
stock   deep_itm    -1 donchian_break 1270   684     -15.32        -18.38        -11.92       -6.46 -20.87
index slight_itm    -1       rsi_fade   67    49     -20.00        -18.06        -10.78       -7.28  -2.59
index slight_itm     1       rsi_fade   26    23      -7.83         -5.10          2.30       -7.41  -0.57
index   deep_itm     1      adx_trend   13    12      -6.17         -4.93          5.10      -10.03  -1.18
index slight_itm    -1     macd_cross   71    67     -22.25        -22.43        -10.78      -11.65  -4.66
index   deep_itm    -1      adx_trend    9     9     -20.19        -20.19         -7.28      -12.91  -3.46
index   deep_itm    -1       rsi_fade   15    10     -16.05        -23.32         -7.28      -16.04  -1.36
index   deep_itm    -1 trend_pullback   17    13     -29.59        -25.19         -7.28      -17.91  -2.26
index slight_itm    -1      adx_trend   16    15     -27.73        -29.47        -10.78      -18.70  -5.49
index slight_itm     1       ma_cross   10     9     -21.04        -17.75          2.30      -20.05  -1.49
index   deep_itm     1       rsi_fade    6     6     -17.91        -17.91          5.10      -23.01  -2.69
index slight_itm    -1 trend_pullback   37    28     -43.95        -40.07        -10.78      -29.29  -5.28
index   deep_itm     1       ma_cross    1     1     -41.28        -41.28          5.10      -46.38    NaN

cells with positive ABSOLUTE episode mean : 6 / 48
cells with positive EXCESS over control    : 15 / 48
cells with excess > 0 AND t_ep > 2         : 1 / 48

======================================================================================================================
6. PER-QUARTER NET PnL (base cost, Rs on 25k premium/leg)
======================================================================================================================

[deep_itm]
quarter           2025Q1        2025Q2        2025Q3        2025Q4      2026Q1        2026Q2
family                                                                                      
adx_trend      -2,049.00   -506,268.00   -339,997.00   -316,043.00 -151,652.00   -259,254.00
control_long   26,033.00   -720,430.00   -243,276.00     76,795.00 -333,211.00    -78,788.00
control_random       NaN    -71,414.00    -39,497.00    -31,347.00   49,332.00   -123,406.00
control_short    -398.00   -860,437.00   -566,103.00   -587,646.00   34,465.00   -698,790.00
donchian_break  6,806.00 -2,050,789.00 -1,926,350.00 -2,148,353.00 -873,795.00 -1,022,596.00
ma_cross             NaN   -188,376.00   -124,015.00    -96,561.00  -59,836.00    -95,373.00
macd_cross     19,459.00   -507,200.00   -945,950.00   -619,768.00 -126,618.00   -498,768.00
rsi_fade             NaN   -702,653.00   -778,875.00    494,436.00  -59,995.00   -452,170.00
trend_pullback  6,648.00   -511,708.00   -675,594.00    328,603.00  123,501.00   -403,132.00
quarters positive / total:
family
adx_trend         0 / 6
control_long      2 / 6
control_random    1 / 5
control_short     1 / 6
donchian_break    1 / 6
ma_cross          0 / 5
macd_cross        1 / 6
rsi_fade          1 / 5
trend_pullback    3 / 6
dtype: object

[slight_itm]
quarter            2025Q1        2025Q2        2025Q3        2025Q4      2026Q1        2026Q2   2026Q3
family                                                                                                
adx_trend       -3,332.00   -529,659.00   -506,711.00   -880,310.00 -133,484.00   -258,445.00      NaN
control_long    32,136.00   -568,379.00   -451,311.00     -6,958.00 -462,554.00    365,727.00 1,728.00
control_random        NaN    -94,952.00    -56,942.00     15,714.00   69,239.00    -11,882.00      NaN
control_short   74,166.00 -1,300,765.00 -1,417,890.00 -1,243,480.00  628,180.00 -1,088,820.00      NaN
donchian_break 128,340.00 -1,960,806.00 -2,415,559.00 -3,614,036.00 -871,690.00   -747,775.00  -880.00
ma_cross              NaN   -136,464.00    -78,519.00   -681,738.00  -55,199.00    -14,224.00      NaN
macd_cross      33,077.00   -933,760.00 -1,455,230.00 -1,709,571.00  355,613.00   -471,493.00   188.00
rsi_fade        -1,600.00 -1,574,731.00   -918,233.00    648,005.00   26,098.00   -475,740.00      NaN
trend_pullback  -9,564.00   -744,603.00 -1,478,079.00   -389,752.00  163,751.00   -411,529.00      NaN
quarters positive / total:
family
adx_trend         0 / 6
control_long      3 / 7
control_random    2 / 5
control_short     2 / 6
donchian_break    1 / 7
ma_cross          0 / 5
macd_cross        3 / 7
rsi_fade          2 / 6
trend_pullback    1 / 6
dtype: object

======================================================================================================================
7. ROBUSTNESS: PnL after removing the best underlying / best quarter / top-3 trades
======================================================================================================================
                              n           pnl  ex_best_underlying  ex_best_quarter       ex_top3
band       family                                                                               
deep_itm   adx_trend        610 -1,575,264.00       -1,608,370.00    -1,573,215.00 -1,626,943.00
           control_long    1073 -1,272,877.00       -1,349,900.00    -1,349,672.00 -1,403,204.00
           control_random   192   -216,332.00         -245,585.00      -265,665.00   -304,813.00
           control_short    887 -2,678,908.00       -2,740,291.00    -2,713,373.00 -2,744,849.00
           donchian_break  3253 -8,015,077.00       -8,081,943.00    -8,021,882.00 -8,070,662.00
           ma_cross         282   -564,161.00         -602,063.00      -504,325.00   -616,388.00
           macd_cross      1850 -2,678,846.00       -2,722,952.00    -2,698,305.00 -2,784,025.00
           rsi_fade         760 -1,499,257.00       -1,589,655.00    -1,993,693.00 -1,588,331.00
           trend_pullback  1070 -1,131,681.00       -1,226,945.00    -1,460,285.00 -1,220,208.00
slight_itm adx_trend        925 -2,311,942.00       -2,367,427.00    -2,308,610.00 -2,414,271.00
           control_long    1594 -1,089,611.00       -1,210,667.00    -1,455,338.00 -1,312,643.00
           control_random   305    -78,821.00         -133,894.00      -148,060.00   -220,445.00
           control_short   1505 -4,348,609.00       -4,473,300.00    -4,976,789.00 -4,519,523.00
           donchian_break  5269 -9,482,405.00       -9,747,948.00    -9,610,745.00 -9,821,676.00
           ma_cross         606   -966,144.00       -1,052,798.00      -951,920.00 -1,067,385.00
           macd_cross      2857 -4,181,175.00       -4,311,914.00    -4,536,788.00 -4,337,460.00
           rsi_fade        1495 -2,296,201.00       -2,405,583.00    -2,944,206.00 -2,481,056.00
           trend_pullback  1400 -2,869,777.00       -2,992,328.00    -3,033,528.00 -3,033,773.00

======================================================================================================================
8. PER-UNDERLYING, index names, base cost, all non-control families
======================================================================================================================
